Test: 0.9509765625, Train: 0.9375, Steps: 219600
Test: 0.9630859375, Train: 0.890625, Steps: 215100
