Test: 0.9505859375, Train: 0.9453125, Steps: 93200
Test: 0.9513671875, Train: 0.921875, Steps: 114200
