Test: 0.954296875, Train: 0.9609375, Steps: 122100
Test: 0.9515625, Train: 0.96875, Steps: 152900
Test: 0.9603515625, Train: 0.9609375, Steps: 373200
Test: 0.95234375, Train: 0.9375, Steps: 548700
