Test: 0.9521484375, Train: 0.96875, Steps: 462600
Test: 0.958984375, Train: 0.96875, Steps: 517400
Test: 0.955078125, Train: 0.984375, Steps: 1121800
