Test: 0.9501953125, Train: 0.96875, Steps: 451300
Test: 0.950390625, Train: 0.984375, Steps: 1072200
Test: 0.9515625, Train: 0.9765625, Steps: 1587800
