Test: 0.9525390625, Train: 0.9609375, Steps: 525300
Test: 0.9521484375, Train: 0.9609375, Steps: 690400
Test: 0.9525390625, Train: 0.96875, Steps: 914300
Test: 0.9513671875, Train: 0.9921875, Steps: 1030900
