Test: 0.9525390625, Train: 0.953125, Steps: 152700
Test: 0.9525390625, Train: 0.953125, Steps: 632000
