Test: 0.968359375, Train: 0.9921875, Steps: 1287300
Test: 0.9509765625, Train: 0.984375, Steps: 1479500
