Test: 0.95078125, Train: 0.9765625, Steps: 705300
Test: 0.9525390625, Train: 0.96875, Steps: 1171300
