Test: 0.9505859375, Train: 0.96875, Steps: 600500
Test: 0.9509765625, Train: 0.9609375, Steps: 1399600
