Test: 0.9552734375, Train: 0.9609375, Steps: 479100
Test: 0.9517578125, Train: 0.9453125, Steps: 725200
